Version 0.9.7
7
 4 10 175 77 128 0 1
 5 80 400 206 81 2 2
 0 97 115 877 276 8 3
 1 180 17 206 81 140 4
 3 189 403 203 58 150 5
 1 669 22 206 81 183 7
 3 699 401 203 58 193 8
 0
22
 16711680 5 195 86 195 86 172 86 172 363 176 363 176 363 0 4 0 3
 16711680 5 236 54 236 54 293 54 293 54 293 181 293 181 0 4 0 3
 16711680 5 255 41 255 41 306 41 306 41 306 181 306 181 0 4 0 3
 16711680 5 280 181 280 181 280 181 280 129 280 129 280 129 0 3 0 3
 16711680 5 358 324 358 324 358 324 358 363 358 363 358 363 0 3 0 3
 16711680 5 501 324 501 324 501 324 501 363 501 363 501 363 0 3 0 3
 16711680 5 423 181 423 181 423 181 423 129 423 129 423 129 0 3 0 3
 16711680 5 436 181 436 181 436 194 436 194 319 194 319 194 0 3 0 3
 16711680 5 449 181 449 181 449 28 449 28 274 28 274 28 0 3 0 4
 16711680 5 235 447 235 447 462 447 462 447 462 220 462 220 0 5 0 3
 16711680 5 195 28 195 28 71 28 71 28 71 189 71 189 0 4 0 1
 16711680 5 71 202 71 202 150 202 150 202 150 129 150 129 0 1 0 3
 16711680 5 163 363 163 363 163 440 163 440 200 440 200 440 0 3 0 5
 16711680 5 150 363 150 363 71 363 71 363 71 288 71 288 0 3 0 1
 16711680 5 684 33 684 33 618 33 618 33 618 129 618 129 0 7 0 3
 16711680 5 684 91 684 91 631 91 631 91 631 363 631 363 0 7 0 3
 16711680 5 644 363 644 363 644 438 644 438 710 438 710 438 0 3 0 8
 16711680 5 748 363 748 363 748 363 748 324 748 324 748 324 0 3 0 3
 16711680 5 670 129 670 129 670 129 670 181 670 181 670 181 0 3 0 3
 16711680 5 683 181 694 181 694 52 744 52 744 59 744 59 0 3 0 7
 16711680 5 763 59 763 59 763 40 705 40 705 181 696 181 0 7 0 3
 16711680 5 709 181 709 181 740 181 740 445 745 445 745 445 0 3 0 8
3
 7008 1 14 274 233 5 0 0 0 3
 7032 1 14 417 233 5 0 0 0 3
 7008 1 14 664 233 5 0 0 0 3
