Version 0.9.7
5
 4 10 175 77 128 0 1
 5 80 400 206 81 2 2
 0 100 130 877 276 8 3
 1 149 40 206 81 140 4
 3 593 35 203 58 150 5
 0
10
 16711680 5 604 72 604 72 604 378 604 378 608 378 608 378 0 5 0 3
 16711680 5 164 109 164 109 164 378 164 378 166 378 166 378 0 4 0 3
 16711680 5 71 288 71 288 71 378 71 378 153 378 153 378 0 1 0 3
 16711680 5 164 51 164 51 91 51 91 189 71 189 71 189 0 4 0 1
 16711680 5 71 202 71 202 153 202 153 202 153 144 153 144 0 1 0 3
 16711680 5 270 144 270 144 270 144 270 196 270 196 270 196 0 3 0 3
 16711680 5 348 339 348 339 348 339 348 378 348 378 348 378 0 3 0 3
 16711680 5 283 196 283 196 283 51 283 51 205 51 205 51 0 3 0 4
 16711680 5 243 64 243 64 296 64 296 64 296 196 296 196 0 4 0 3
 16711680 5 309 196 309 196 639 196 639 196 639 79 639 79 0 3 0 5
1
 7008 1 14 264 248 5 0 0 0 3
