Version 0.9.7
5
 4 10 175 77 128 0 1
 5 80 400 206 81 2 2
 0 95 114 877 276 8 3
 1 243 13 206 81 150 5
 3 678 35 203 58 162 6
 0
20
 16711680 5 71 189 71 189 71 189 71 128 148 128 148 128 0 1 0 3
 16711680 5 71 288 71 288 71 362 71 362 148 362 148 362 0 1 0 3
 16711680 5 265 180 265 180 265 180 265 128 265 128 265 128 0 3 0 3
 16711680 5 343 323 343 323 343 323 343 362 343 362 343 362 0 3 0 3
 16711680 5 395 180 395 180 395 180 395 128 395 128 395 128 0 3 0 3
 16711680 5 473 323 473 323 473 323 473 362 473 362 473 362 0 3 0 3
 16711680 5 525 180 525 180 525 180 525 128 525 128 525 128 0 3 0 3
 16711680 5 603 323 603 323 603 323 603 362 603 362 603 362 0 3 0 3
 16711680 5 258 24 258 24 161 24 161 24 161 128 161 128 0 5 0 3
 16711680 5 258 82 258 82 176 82 176 362 174 362 174 362 0 5 0 3
 16711680 5 291 180 291 180 291 193 291 193 408 193 408 193 0 3 0 3
 16711680 5 337 50 337 50 337 56 278 56 278 180 278 180 0 5 0 3
 16711680 5 318 50 318 50 318 44 421 44 421 193 421 193 0 5 0 3
 16711680 5 434 193 434 193 434 193 538 193 538 193 538 193 0 3 0 3
 16711680 5 689 72 689 72 689 362 689 362 694 362 694 362 0 6 0 3
 16711680 5 564 193 564 193 724 193 724 193 724 79 724 79 0 3 0 6
 16711680 5 356 50 356 50 365 50 365 206 304 206 304 206 0 5 0 3
 16711680 5 317 219 317 219 381 219 381 284 395 284 395 284 0 3 0 3
 16711680 5 318 37 318 37 408 37 408 37 408 284 408 284 0 5 0 3
 16711680 5 421 284 421 284 551 284 551 284 551 193 551 193 0 3 0 3
3
 7004 1 14 259 232 5 0 0 0 3
 7008 1 14 389 232 5 0 0 0 3
 7032 1 14 519 232 5 0 0 0 3
