Version 0.9.7
5
 4 8 270 77 128 0 1
 5 80 400 206 81 2 2
 0 96 194 877 276 8 3
 1 260 100 206 81 140 4
 3 709 91 203 58 150 5
 0
25
 16711680 5 69 284 69 284 69 208 69 208 149 208 149 208 0 1 0 3
 16711680 5 69 383 69 383 69 442 69 442 149 442 149 442 0 1 0 3
 16711680 5 275 111 275 111 162 111 162 111 162 208 162 208 0 4 0 3
 16711680 5 275 169 275 169 181 169 181 442 188 442 188 442 0 4 0 3
 16711680 5 720 128 720 128 720 442 720 442 721 442 721 442 0 5 0 3
 16711680 5 591 208 591 208 591 208 591 260 591 260 591 260 0 3 0 3
 16711680 5 669 403 669 403 669 403 669 442 669 442 669 442 0 3 0 3
 16711680 5 513 403 513 403 513 403 513 442 513 442 513 442 0 3 0 3
 16711680 5 435 260 435 260 435 260 435 208 435 208 435 208 0 3 0 3
 16711680 5 253 260 253 260 253 260 253 208 253 208 253 208 0 3 0 3
 16711680 5 331 403 331 403 331 403 331 442 331 442 331 442 0 3 0 3
 16711680 5 373 137 364 137 364 190 266 190 266 260 266 260 0 4 0 3
 16711680 5 316 111 316 111 298 111 298 273 448 273 448 273 0 4 0 3
 16711680 5 335 111 335 111 335 99 461 99 461 273 461 273 0 4 0 3
 16711680 5 316 124 316 124 307 124 307 364 435 364 435 364 0 4 0 3
 16711680 5 354 137 354 137 345 137 345 377 448 377 448 377 0 4 0 3
 16711680 5 461 377 461 377 461 377 474 377 474 377 474 377 0 3 0 3
 16711680 5 373 124 381 124 381 399 487 399 487 377 487 377 0 4 0 3
 16711680 5 335 124 335 124 327 124 327 286 487 286 487 286 0 4 0 3
 16711680 5 354 124 354 124 354 117 500 117 500 286 500 286 0 4 0 3
 16711680 5 500 377 500 377 604 377 604 377 604 273 604 273 0 3 0 3
 16711680 5 474 273 474 273 474 263 617 263 617 273 617 273 0 3 0 3
 16711680 5 630 273 630 273 630 273 643 273 643 273 643 273 0 3 0 3
 16711680 5 513 286 513 286 513 286 656 286 656 286 656 286 0 3 0 3
 16711680 5 669 273 669 273 755 273 755 273 755 135 755 135 0 3 0 5
3
 7008 1 14 429 312 5 0 0 0 3
 7004 1 14 247 312 5 0 0 0 3
 7032 1 14 585 312 5 0 0 0 3
