Version 0.9.7
5
 4 10 175 77 128 0 1
 5 80 400 206 81 2 2
 0 97 118 877 276 8 3
 1 159 22 206 81 140 4
 3 685 30 203 58 150 5
 0
19
 16711680 5 174 33 174 33 163 33 163 33 163 132 163 132 0 4 0 3
 16711680 5 150 132 150 132 71 132 71 132 71 189 71 189 0 3 0 1
 16711680 5 174 91 174 91 174 366 174 366 176 366 176 366 0 4 0 3
 16711680 5 71 288 71 288 71 367 150 367 150 366 150 366 0 1 0 3
 16711680 5 215 59 215 59 215 51 371 51 371 184 371 184 0 4 0 3
 16711680 5 358 132 358 132 358 132 358 184 358 184 358 184 0 3 0 3
 16711680 5 436 327 436 327 436 327 436 366 436 366 436 366 0 3 0 3
 16711680 5 579 366 579 366 579 366 579 327 579 327 579 327 0 3 0 3
 16711680 5 293 327 293 327 293 327 293 366 293 366 293 366 0 3 0 3
 16711680 5 215 184 215 184 215 184 215 184 215 132 215 132 0 3 0 3
 16711680 5 501 132 501 132 501 132 501 184 501 184 501 184 0 3 0 3
 16711680 5 234 59 234 59 234 40 384 40 384 184 384 184 0 4 0 3
 16711680 5 397 184 397 184 397 188 514 188 514 184 514 184 0 3 0 3
 16711680 5 215 46 215 46 196 46 196 189 228 189 228 184 0 4 0 3
 16711680 5 241 184 241 184 241 200 410 200 410 197 410 197 0 3 0 3
 16711680 5 253 59 265 59 265 212 423 212 423 197 423 197 0 4 0 3
 16711680 5 696 67 696 67 696 67 696 366 696 366 696 366 0 5 0 3
 16711680 5 527 197 527 197 527 197 436 197 436 197 436 197 0 3 0 3
 16711680 5 540 197 540 197 731 197 731 197 731 74 731 74 0 3 0 5
3
 7004 1 14 209 236 5 0 0 0 3
 7008 1 14 352 236 5 0 0 0 3
 7032 1 14 495 236 5 0 0 0 3
