Version 0.9.7
7
 4 10 175 77 128 0 1
 5 80 400 206 81 2 2
 0 94 108 877 276 8 3
 1 153 12 206 81 140 4
 3 148 433 203 58 150 5
 3 641 420 203 58 159 6
 1 471 4 206 81 168 7
 0
38
 16711680 5 168 81 168 81 135 81 135 356 147 356 147 356 0 4 0 3
 16711680 5 160 122 160 122 157 122 157 23 168 23 168 23 0 3 0 4
 16711680 5 147 122 147 122 70 122 70 189 71 189 71 189 0 3 0 1
 16711680 5 159 470 159 470 160 470 160 470 160 356 160 356 0 5 0 3
 16711680 5 652 457 652 457 652 356 652 356 654 356 654 356 0 6 0 3
 16711680 5 486 73 486 73 486 356 486 356 472 356 472 356 0 7 0 3
 16711680 5 486 15 486 15 459 15 459 15 459 122 459 122 0 7 0 3
 16711680 5 186 122 186 122 186 122 186 174 186 174 186 174 0 3 0 3
 16711680 5 264 317 264 317 264 317 264 356 264 356 264 356 0 3 0 3
 16711680 5 381 317 381 317 381 317 381 356 381 356 381 356 0 3 0 3
 16711680 5 303 174 303 174 303 174 303 122 303 122 303 122 0 3 0 3
 16711680 5 589 356 589 356 589 356 589 317 589 317 589 317 0 3 0 3
 16711680 5 719 317 719 317 719 317 719 356 719 356 719 356 0 3 0 3
 16711680 5 849 317 849 317 849 317 849 356 849 356 849 356 0 3 0 3
 16711680 5 266 49 266 49 257 49 257 174 251 174 251 174 0 4 0 3
 16711680 5 228 49 228 49 228 49 238 49 238 174 238 174 0 4 0 3
 16711680 5 228 36 228 36 216 36 216 174 212 174 212 174 0 4 0 3
 16711680 5 303 278 303 278 298 278 298 174 264 174 264 174 0 3 0 3
 16711680 5 209 49 209 49 199 49 199 49 199 174 199 174 0 4 0 3
 16711680 5 225 174 225 174 225 278 225 278 186 278 186 278 0 3 0 3
 16711680 5 247 49 247 49 247 291 247 291 199 291 199 291 0 4 0 3
 16711680 5 212 304 212 304 316 304 316 304 316 291 316 291 0 3 0 3
 16711680 5 329 317 329 317 326 317 326 477 334 477 334 477 0 3 0 5
 16711680 5 71 288 71 288 71 346 173 346 173 356 173 356 0 1 0 3
 16711680 5 511 122 511 122 511 122 511 174 511 174 511 174 0 3 0 3
 16711680 5 527 41 527 36 653 36 653 174 654 174 654 174 0 7 0 3
 16711680 5 546 41 546 41 667 41 667 41 667 174 667 174 0 7 0 3
 16711680 5 680 174 680 174 680 174 693 174 693 174 693 174 0 3 0 3
 16711680 5 584 28 584 28 518 28 518 174 524 174 524 174 0 7 0 3
 16711680 5 537 174 537 174 537 187 537 187 706 187 706 187 0 3 0 3
 16711680 5 719 187 719 187 719 187 784 187 784 187 784 187 0 3 0 3
 16711680 5 641 278 641 278 624 278 624 2 527 2 527 15 0 3 0 7
 16711680 5 546 15 546 15 555 15 555 174 550 174 550 174 0 7 0 3
 16711680 5 563 174 563 174 563 178 654 178 654 278 654 278 0 3 0 3
 16711680 5 797 187 797 187 797 278 797 278 667 278 667 278 0 3 0 3
 16711680 5 810 187 810 187 810 464 810 464 827 464 827 464 0 3 0 6
 16711680 5 771 174 771 174 771 174 771 122 771 122 771 122 0 3 0 3
 16711680 5 641 174 641 174 641 174 641 122 641 122 641 122 0 3 0 3
5
 7008 1 14 180 226 5 0 0 0 3
 7032 1 14 297 226 5 0 0 0 3
 7004 1 14 505 226 5 0 0 0 3
 7008 1 14 635 226 5 0 0 0 3
 7032 1 14 765 226 5 0 0 0 3
