Version 0.9.7
5
 4 10 175 77 128 0 1
 5 80 400 206 81 2 2
 0 99 122 877 276 8 3
 1 156 16 206 81 140 4
 3 600 28 203 58 150 5
 0
16
 16711680 5 71 189 71 189 71 135 152 135 152 136 152 136 0 1 0 3
 16711680 5 71 288 71 288 71 366 152 366 152 370 152 370 0 1 0 3
 16711680 5 308 370 308 370 308 370 308 331 308 331 308 331 0 3 0 3
 16711680 5 230 188 230 188 230 188 230 136 230 136 230 136 0 3 0 3
 16711680 5 451 331 451 331 451 331 451 370 451 370 451 370 0 3 0 3
 16711680 5 373 136 373 136 373 136 373 188 373 188 373 188 0 3 0 3
 16711680 5 165 136 165 136 165 27 165 27 171 27 171 27 0 3 0 4
 16711680 5 171 85 171 85 173 85 173 370 165 370 165 370 0 4 0 3
 16711680 5 611 65 611 65 611 370 611 370 607 370 607 370 0 5 0 3
 16711680 5 646 72 646 72 646 188 646 188 412 188 412 188 0 5 0 3
 16711680 5 212 53 212 53 241 53 241 188 243 188 243 188 0 4 0 3
 16711680 5 250 53 250 53 261 53 261 188 256 188 256 188 0 4 0 3
 16711680 5 269 188 269 188 269 197 386 197 386 188 386 188 0 3 0 3
 16711680 5 212 40 212 40 282 40 282 40 282 188 282 188 0 4 0 3
 16711680 5 231 27 231 27 295 27 295 27 295 188 295 188 0 4 0 3
 16711680 5 308 188 308 188 308 180 399 180 399 188 399 188 0 3 0 3
2
 7008 1 14 224 240 5 0 0 0 3
 7032 1 14 367 240 5 0 0 0 3
