Version 0.9.7
5
 4 10 175 77 128 0 1
 5 80 400 206 81 2 2
 0 110 110 877 276 8 3
 1 305 11 206 81 140 4
 3 625 29 203 58 158 5
 0
25
 16711680 5 71 189 71 189 71 124 71 124 163 124 163 124 0 1 0 3
 16711680 5 71 288 71 288 71 358 71 358 163 358 163 358 0 1 0 3
 16711680 5 320 80 320 80 202 80 202 80 202 358 202 358 0 4 0 3
 16711680 5 320 22 320 22 176 22 176 22 176 124 176 124 0 4 0 3
 16711680 5 280 176 280 176 280 176 280 124 280 124 280 124 0 3 0 3
 16711680 5 358 319 358 319 358 319 358 358 358 358 358 358 0 3 0 3
 16711680 5 514 319 514 319 514 319 514 358 514 358 514 358 0 3 0 3
 16711680 5 436 176 436 176 436 176 436 124 436 124 436 124 0 3 0 3
 16711680 5 592 176 592 176 592 176 592 124 592 124 592 124 0 3 0 3
 16711680 5 670 358 670 358 670 358 670 319 670 319 670 319 0 3 0 3
 16711680 5 361 48 361 48 361 44 293 44 293 176 293 176 0 4 0 3
 16711680 5 380 48 380 48 319 48 319 48 319 176 319 176 0 4 0 3
 16711680 5 399 48 399 48 345 48 345 48 345 176 345 176 0 4 0 3
 16711680 5 306 176 306 176 306 182 605 182 605 176 605 176 0 3 0 3
 16711680 5 332 176 332 176 332 189 332 189 449 189 449 189 0 3 0 3
 16711680 5 358 176 358 176 358 202 358 202 462 202 462 202 0 3 0 3
 16711680 5 475 202 475 202 618 202 618 202 618 189 618 189 0 3 0 3
 16711680 5 418 48 418 48 409 48 409 217 488 217 488 215 0 4 0 3
 16711680 5 361 35 352 35 352 224 501 224 501 215 501 215 0 4 0 3
 16711680 5 514 215 514 215 514 242 436 242 436 280 436 280 0 3 0 3
 16711680 5 380 35 380 35 370 35 370 293 449 293 449 293 0 4 0 3
 16711680 5 631 189 631 189 631 189 644 189 644 189 644 189 0 3 0 3
 16711680 5 462 293 462 293 665 293 665 189 657 189 657 189 0 3 0 3
 16711680 5 670 189 670 189 671 189 671 189 671 73 671 73 0 3 0 5
 16711680 5 636 66 636 66 625 66 625 358 631 358 631 358 0 5 0 3
3
 7004 1 14 274 228 5 0 0 0 3
 7008 1 14 430 228 5 0 0 0 3
 7032 1 14 586 228 5 0 0 0 3
